20 20 0
3 0 1 4  0  1 0 0 0  0 0 0 1
3 0 1 4  1  1 0 0 0  0 0 0 1
3 0 1 4  2  1 0 0 0  0 0 0 1
3 0 1 4  3  1 0 0 0  0 0 0 1
3 0 1 4  4  1 0 0 0  0 0 0 1
3 0 1 4  5  1 0 0 0  0 0 0 1
3 0 1 4  6  1 0 0 0  0 0 0 1
3 0 1 4  7  1 0 0 0  0 0 0 1
3 0 1 4  8  1 0 0 0  0 0 0 1
3 0 1 4  9  1 0 0 0  0 0 0 1
3 0 1 4  10  1 0 0 0  0 0 0 1
3 0 1 4  11  1 0 0 0  0 0 0 1
3 0 1 4  12  1 0 0 0  0 0 0 1
3 0 1 4  13  1 0 0 0  0 0 0 1
3 0 1 4  14  1 0 0 0  0 0 0 1
3 0 1 4  15  1 0 0 0  0 0 0 1
3 0 1 4  16  1 0 0 0  0 0 0 1
3 0 1 4  17  1 0 0 0  0 0 0 1
3 0 1 4  18  1 0 0 0  0 0 0 1
3 0 1 4  19  1 0 0 0  0 0 0 1
