21
0 0 1 0 0
0 0 1 0 1
0 0 1 0 2
0 0 1 0 3
0 0 1 0 4
0 0 1 0 5
0 0 1 0 6
0 0 1 0 7
0 0 1 0 8
0 0 1 0 9
0 0 1 0 10
0 0 1 0 11
0 0 1 0 12
0 0 1 0 13
0 0 1 0 14
0 0 1 0 15
0 0 1 0 16
0 0 1 0 17
0 0 1 0 18
0 0 1 0 19
32 0 3 64 17 18 19 0.031703890 0.546264264 0.606622689 0.157559501 -0.489839459 -0.130269192 0.225524119 0.000497503 0.336453272 0.194472042 -0.010234904 0.379841454 0.078144359 0.626291867 -0.225809712 0.505230114 -0.042591163 -0.638293120 0.047380086 0.022477337 -0.711385751 0.047626132 -0.109284987 0.260262636 0.648273427 -0.156774036 0.245046606 -0.544822507 0.155249384 -0.115105068 0.280183730 0.287105540 0.534060505 -0.265819672 -0.026228826 0.524108087 -0.018330603 0.015750946 0.243690314 -0.555673437 0.306821215 0.068454057 0.175635896 -0.071019654 -0.029700506 -0.287238077 -0.861745829 -0.198215333 -0.015578235 0.056470711 0.091709997 -0.480167498 -0.186309267 0.688456735 -0.051712912 -0.496224530 -0.290032849 -0.391464911 0.727780740 0.152527946 0.433416004 0.136178297 -0.055114850 -0.016582608 0 0 0 0 0 0 0 0 0 0 0 0 0 0 0 0 0 0 0 0 0 0 0 0 0 0 0 0 0 0 0 0 0 0 0 0 0 0 0 0 0 0 0 0 0 0 0 0 0 0 0 0 0 0 0 0 0 0 0 0 0 0 0 0
